appearance,NULL,NULL,NULL,NULL,NULL,NULL,NULL,NULL,NULL
1,NULL,NULL,NULL,NULL,NULL,NULL,NULL,NULL,NULL
212,NULL,NULL,NULL,NULL,NULL,NULL,NULL,NULL,NULL
1212,NULL,NULL,NULL,NULL,NULL,NULL,NULL,NULL,NULL
1,NULL,NULL,NULL,NULL,NULL,NULL,NULL,NULL,NULL
1,NULL,NULL,NULL,NULL,NULL,NULL,NULL,NULL,NULL
1,NULL,NULL,NULL,NULL,NULL,NULL,NULL,NULL,NULL
1,NULL,NULL,NULL,NULL,NULL,NULL,NULL,NULL,NULL
1,NULL,NULL,NULL,NULL,NULL,NULL,NULL,NULL,NULL
1,NULL,NULL,NULL,NULL,NULL,NULL,NULL,NULL,NULL
1,NULL,NULL,NULL,NULL,NULL,NULL,NULL,NULL,NULL
1,NULL,NULL,NULL,NULL,NULL,NULL,NULL,NULL,NULL
1,NULL,NULL,NULL,NULL,NULL,NULL,NULL,NULL,NULL
1,NULL,NULL,NULL,NULL,NULL,NULL,NULL,NULL,NULL
1,NULL,NULL,NULL,NULL,NULL,NULL,NULL,NULL,NULL
1,NULL,NULL,NULL,NULL,NULL,NULL,NULL,NULL,NULL
1,NULL,NULL,NULL,NULL,NULL,NULL,NULL,NULL,NULL
11,NULL,NULL,NULL,NULL,NULL,NULL,NULL,NULL,NULL
1,NULL,NULL,NULL,NULL,NULL,NULL,NULL,NULL,NULL
1,NULL,NULL,NULL,NULL,NULL,NULL,NULL,NULL,NULL
1,NULL,NULL,NULL,NULL,NULL,NULL,NULL,NULL,NULL
